%YAML:1.0
image_width: 1280
image_height: 960
camera_matrix: !!opencv-matrix
   rows: 3
   cols: 3
   dt: d
   data: [ 1450.9005, 0., 625.717331, 0., 1453.09693, 455.880210, 0., 0., 1. ]
distortion_coefficients: !!opencv-matrix
   rows: 1
   cols: 5
   dt: d
   data: [ 0.00357804, -0.14076017, -0.00206464, 0.00214618, -0.34685837 ]
